RMSE 0.205405284105195
Av. abs error 0.150107547738476
Pearson Correlation 0.0661316093432207
Spearman Correlation 0.0609713016715941
Orness 0.462963730677258
i Shapley i
1 0.777031703737445
2 0.0359509484869069
3 0.0656290519733372
4 0.121388295808774
binary number fm.weights
1 0.797895446209019
2 0
3 0.797895446212833
4 0.010676064685826
5 0.797895446209019
6 0.010676064685826
7 0.797895446212833
8 0
9 0.797895446209019
10 0.244807062882466
11 0.85878374330665
12 0.119091041046372
13 1.00000000000007
14 0.244807062882344
15 1.00000000000646
